0
12359
4 1 8 4 0 0 0 0 0 0 0 0 
4 1 8 4 0 0 0 0 0 0 0 0 
4 1 8 4 0 0 0 0 0 0 0 0 
4 1 8 4 0 0 0 0 0 0 0 0 
4 1 8 4 0 0 0 0 0 0 0 0 
4 1 8 4 0 0 0 0 0 0 0 0 
4 1 8 4 0 0 0 0 0 0 0 0 
4 1 8 4 0 0 0 0 0 0 0 0 
4 1 8 4 0 0 0 0 0 0 0 0 
4 1 8 4 0 0 0 0 0 0 0 0 
4 1 8 4 0 0 0 0 0 0 0 0 
4 1 8 4 0 0 0 0 0 0 0 0 
32 8 64 32 0 0 0 0 0 0 0 0 
16 4 32 16 0 0 0 0 0 0 0 0 
0 0 0 0 0 0 0 0 0 0 0 0 
0 0 0 0 0 0 0 0 0 0 0 0 
0 0 0 0 0 0 0 0 0 0 0 0 
0 0 0 0 0 0 0 0 0 0 0 0 
0 0 0 0 0 0 0 0 0 0 0 0 
0 0 0 0 0 0 0 0 0 0 0 0 
0 0 0 0 0 0 0 0 0 0 0 0 
0 0 0 0 0 0 0 0 0 0 0 0 
0 0 0 0 0 0 0 0 0 0 0 0 
0 0 0 0 0 0 0 0 0 0 0 0 
0 0 0 0 0 0 0 0 0 0 0 0 
0 0 0 0 0 0 0 0 0 0 0 0 
0 0 0 0 0 0 0 0 0 0 0 0 
0 0 0 0 0 0 0 0 0 0 0 0 
0 0 0 0 0 0 0 0 0 0 0 0 
0 0 0 0 0 0 0 0 0 0 0 0 
0 0 0 0 0 0 0 0 0 0 0 0 
0 0 0 0 0 0 0 0 0 0 0 0 
0 0 0 0 0 0 0 0 0 0 0 0 
0 0 0 0 0 0 0 0 0 0 0 0 
0 8 64 32 0 0 0 0 0 0 0 0 
64 4 32 16 0 0 0 0 0 0 0 0 
220
